120
4
320
1
205
1
505
1
1015
1
785
3
125
1
30
5
510
3
375
1
660
4
585
3
450
1
480
5
520
4
775
3
1045
2
185
3
840
3
210
5
905
1
420
3
415
3
1090
3
910
2
880
5
405
4
895
1
170
5
845
3
150
1
940
3
95
4
1060
3
930
4
335
2
570
3
465
3
1005
5
665
4
305
4
25
1
275
5
500
4
915
1
1100
4
1085
4
110
1
625
5
155
2
380
3
680
3
1075
4
985
5
995
4
525
1
85
5
445
5
345
3
860
3
740
1
295
1
920
3
120
2
610
1
135
3
855
2
780
2
1040
2
350
3
385
3
770
2
270
4
355
3
1065
1
655
4
560
5
1080
2
180
3
890
2
285
2
825
1
580
3
175
3
130
1
145
4
390
5
620
4
290
5
615
4
310
5
435
5
1055
4
760
1
630
2
735
1
235
1
720
1
70
5
45
1
75
1
815
5
460
1
765
4
115
2
260
2
1000
5
975
1
40
3
820
1
240
5
550
3
1095
4
795
2
1025
1
35
1
885
3
360
3
790
1
670
5
80
